Epoch pl   tl     tp   tr   tf   tup  tur  tuf  tt    dp   dr   df   dup  dur  duf  dt   discoF disco2F
4 13.941 0.086 89.1 88.9 89.0 90.3 90.1 90.2 97.5 87.3 87.3 87.3 88.8 88.9 88.9 97.0 88.1 60.6
8 10.984 0.071 91.2 91.1 91.2 92.2 92.0 92.1 98.1 88.8 88.7 88.8 90.2 90.0 90.1 97.1 89.6 66.3
12 10.361 0.063 92.6 92.3 92.5 93.3 93.0 93.2 98.3 89.5 89.2 89.3 90.8 90.5 90.6 97.2 90.2 68.3
16 9.014 0.057 93.3 93.0 93.2 94.0 93.6 93.8 98.4 89.7 89.4 89.5 91.0 90.6 90.8 97.2 90.4 68.1
20 8.784 0.053 94.0 93.6 93.8 94.6 94.3 94.4 98.6 89.8 89.5 89.7 91.1 90.8 91.0 97.2 90.5 68.3
24 8.111 0.050 94.6 94.3 94.5 95.2 94.9 95.0 98.6 89.9 89.7 89.8 91.2 91.0 91.1 97.3 90.7 67.5
28 8.040 0.047 95.2 94.9 95.0 95.7 95.4 95.5 98.7 90.1 89.8 89.9 91.4 91.1 91.2 97.3 90.8 69.0
32 7.815 0.044 95.7 95.5 95.6 96.1 95.9 96.0 98.8 90.2 89.9 90.1 91.5 91.2 91.3 97.3 91.0 70.0
36 7.248 0.042 96.1 95.9 96.0 96.6 96.4 96.5 98.7 90.3 90.0 90.1 91.5 91.2 91.4 97.3 91.0 70.9
40 7.022 0.039 96.4 96.4 96.4 96.8 96.8 96.8 98.8 90.3 90.1 90.2 91.6 91.3 91.4 97.3 91.0 70.8
44 7.266 0.037 96.7 96.8 96.7 97.0 97.1 97.1 98.9 90.4 90.2 90.3 91.7 91.4 91.6 97.3 91.2 71.2
48 6.515 0.036 96.8 96.9 96.9 97.1 97.3 97.2 98.9 90.5 90.3 90.4 91.8 91.5 91.6 97.3 91.3 70.9
52 6.514 0.033 97.1 97.1 97.1 97.5 97.5 97.5 99.0 90.6 90.3 90.4 91.8 91.5 91.7 97.3 91.3 71.1
56 6.138 0.032 97.4 97.3 97.4 97.8 97.6 97.7 99.0 90.6 90.3 90.4 91.8 91.5 91.7 97.3 91.3 70.7
60 6.511 0.031 97.7 97.4 97.6 98.0 97.7 97.9 99.0 90.5 90.3 90.4 91.8 91.5 91.7 97.3 91.2 70.7
64 6.216 0.029 97.9 97.6 97.8 98.2 97.9 98.1 99.1 90.6 90.3 90.4 91.8 91.6 91.7 97.3 91.3 71.8
68 6.428 0.028 98.1 97.8 98.0 98.4 98.1 98.3 99.1 90.5 90.2 90.4 91.7 91.5 91.6 97.2 91.2 71.9
72 5.559 0.026 98.2 97.9 98.0 98.5 98.2 98.3 99.2 90.5 90.2 90.4 91.8 91.5 91.6 97.2 91.2 71.7
76 5.820 0.025 98.3 98.0 98.2 98.6 98.3 98.5 99.2 90.5 90.3 90.4 91.7 91.5 91.6 97.2 91.2 71.6
80 5.964 0.024 98.4 98.0 98.2 98.6 98.3 98.5 99.2 90.5 90.2 90.4 91.8 91.5 91.6 97.2 91.2 71.6
84 5.597 0.023 98.6 98.3 98.5 98.9 98.6 98.8 99.3 90.5 90.2 90.3 91.7 91.5 91.6 97.2 91.2 71.2
88 5.764 0.022 98.7 98.4 98.6 99.0 98.7 98.8 99.3 90.5 90.2 90.3 91.7 91.5 91.6 97.2 91.2 70.9
92 5.754 0.021 98.8 98.5 98.7 99.1 98.7 98.9 99.3 90.4 90.2 90.3 91.7 91.4 91.6 97.2 91.2 71.1
96 5.698 0.020 98.9 98.5 98.7 99.1 98.8 98.9 99.3 90.4 90.2 90.3 91.7 91.4 91.6 97.2 91.2 70.5
100 5.627 0.019 98.9 98.6 98.8 99.2 98.9 99.0 99.4 90.4 90.1 90.3 91.7 91.4 91.5 97.2 91.2 70.5
