Epoch pl   tl  lcl   tp   tr   tf   tup  tur  tuf  tt  tlc  dp   dr   df   dup  dur  duf  dt  dlc discoF disco2F
4 11.515 0.090 0.560 91.0 91.2 91.1 92.1 92.3 92.2 97.9 87.0 88.9 89.1 89.0 90.2 90.4 90.3 97.1 84.2 89.8 63.3
8 9.327 0.077 0.389 94.1 93.8 93.9 95.0 94.6 94.8 98.2 90.6 90.0 89.9 89.9 91.2 91.2 91.2 97.2 85.9 90.8 67.0
12 8.269 0.072 0.310 95.3 94.9 95.1 96.0 95.6 95.8 98.4 92.4 90.4 90.2 90.3 91.6 91.4 91.5 97.3 86.4 91.2 69.2
16 7.619 0.068 0.264 96.2 95.8 96.0 96.8 96.5 96.6 98.5 93.6 90.5 90.4 90.5 91.7 91.6 91.7 97.3 86.7 91.3 70.3
20 6.356 0.067 0.236 96.9 96.4 96.6 97.4 96.9 97.2 98.6 94.6 90.6 90.4 90.5 91.8 91.6 91.7 97.3 86.8 91.4 70.2
24 7.057 0.065 0.212 97.3 97.0 97.1 97.7 97.5 97.6 98.6 95.3 90.6 90.4 90.5 91.7 91.6 91.6 97.3 86.9 91.3 71.4
28 6.222 0.063 0.194 97.8 97.6 97.7 98.2 98.0 98.1 98.7 95.9 90.7 90.6 90.6 91.9 91.8 91.8 97.3 87.0 91.4 72.2
32 6.685 0.062 0.183 98.2 97.9 98.0 98.5 98.3 98.4 98.7 96.3 90.6 90.4 90.5 91.8 91.6 91.7 97.3 87.0 91.3 71.7
36 6.160 0.060 0.168 98.5 98.3 98.4 98.8 98.6 98.7 98.8 96.7 90.5 90.4 90.5 91.8 91.6 91.7 97.3 86.9 91.3 71.8
40 5.750 0.058 0.154 98.7 98.5 98.6 99.0 98.8 98.9 98.8 97.0 90.6 90.4 90.5 91.8 91.6 91.7 97.3 86.9 91.4 71.4
44 5.895 0.057 0.144 98.8 98.5 98.7 99.1 98.8 99.0 98.8 97.3 90.5 90.4 90.4 91.7 91.6 91.6 97.3 86.9 91.3 71.9
48 5.833 0.054 0.131 99.0 98.7 98.8 99.3 99.0 99.1 98.8 97.6 90.5 90.3 90.4 91.7 91.6 91.6 97.3 86.8 91.3 72.0
52 5.475 0.053 0.120 99.0 98.8 98.9 99.3 99.1 99.2 98.8 97.8 90.5 90.3 90.4 91.7 91.5 91.6 97.3 86.8 91.2 71.6
56 5.569 0.051 0.109 99.1 98.8 98.9 99.4 99.1 99.2 98.9 98.0 90.4 90.2 90.3 91.6 91.5 91.5 97.3 86.7 91.2 71.5
60 5.576 0.049 0.100 99.1 98.8 99.0 99.4 99.1 99.3 98.9 98.2 90.3 90.1 90.2 91.5 91.4 91.4 97.3 86.7 91.1 71.3
64 5.031 0.047 0.091 99.2 98.9 99.0 99.5 99.2 99.3 98.9 98.4 90.2 90.1 90.1 91.5 91.3 91.4 97.3 86.7 91.0 72.4
68 5.414 0.046 0.082 99.2 99.0 99.1 99.5 99.3 99.4 99.0 98.6 90.3 90.1 90.2 91.5 91.4 91.5 97.3 86.7 91.1 72.3
72 4.863 0.043 0.074 99.3 99.0 99.1 99.6 99.3 99.4 99.0 98.7 90.2 90.1 90.2 91.5 91.4 91.4 97.3 86.6 91.1 71.8
76 5.003 0.041 0.066 99.3 99.1 99.2 99.6 99.4 99.5 99.0 98.9 90.2 90.1 90.2 91.5 91.4 91.4 97.3 86.7 91.1 72.2
80 5.074 0.039 0.060 99.3 99.1 99.2 99.6 99.4 99.5 99.0 98.9 90.2 90.1 90.2 91.5 91.4 91.4 97.3 86.7 91.0 72.3
84 5.142 0.037 0.054 99.3 99.2 99.3 99.6 99.5 99.6 99.0 99.0 90.2 90.1 90.1 91.4 91.3 91.4 97.3 86.7 91.0 72.4
88 4.978 0.035 0.049 99.4 99.2 99.3 99.6 99.5 99.6 99.0 99.1 90.1 90.0 90.1 91.4 91.2 91.3 97.3 86.7 90.9 71.9
92 4.945 0.033 0.045 99.4 99.3 99.4 99.7 99.6 99.7 99.1 99.2 90.2 90.0 90.1 91.4 91.2 91.3 97.3 86.7 91.0 72.3
96 4.872 0.031 0.040 99.4 99.3 99.4 99.7 99.6 99.7 99.1 99.3 90.2 90.0 90.1 91.4 91.2 91.3 97.3 86.7 91.0 72.3
100 4.909 0.030 0.036 99.5 99.4 99.5 99.8 99.7 99.7 99.1 99.3 90.2 90.0 90.1 91.4 91.2 91.3 97.3 86.7 91.0 72.4
