Epoch pl   tl  LTl   tp   tr   tf   tup  tur  tuf  tt  tLT  dp   dr   df   dup  dur  duf  dt  dLT discoF disco2F
4 12.448 0.073 0.195 89.7 90.5 90.1 90.6 91.4 91.0 98.1 95.4 87.9 88.8 88.3 89.3 90.2 89.8 97.0 94.2 89.2 63.1
8 10.257 0.058 0.145 91.9 92.1 92.0 92.5 92.7 92.6 98.6 96.2 89.2 89.5 89.4 90.5 90.8 90.6 97.2 94.6 90.2 65.2
12 9.216 0.050 0.117 93.4 93.4 93.4 93.8 93.8 93.8 98.7 96.9 90.0 90.0 90.0 91.2 91.2 91.2 97.2 94.7 90.9 67.5
16 7.559 0.045 0.098 94.7 94.7 94.7 95.0 95.0 95.0 98.9 97.2 90.2 90.2 90.2 91.4 91.4 91.4 97.2 94.8 91.0 70.1
20 7.946 0.040 0.084 95.7 95.7 95.7 95.9 95.9 95.9 99.0 97.5 90.1 90.3 90.2 91.3 91.5 91.4 97.2 94.8 91.1 70.6
24 7.867 0.036 0.072 96.4 96.3 96.3 96.6 96.5 96.6 99.1 97.8 90.3 90.4 90.3 91.5 91.6 91.5 97.3 94.9 91.2 72.1
28 6.769 0.033 0.065 96.9 96.8 96.9 97.1 97.0 97.1 99.2 98.1 90.4 90.4 90.4 91.6 91.6 91.6 97.3 94.9 91.3 70.9
32 7.188 0.030 0.056 97.2 97.2 97.2 97.4 97.4 97.4 99.2 98.4 90.6 90.5 90.5 91.7 91.7 91.7 97.2 94.9 91.4 71.5
36 6.647 0.028 0.051 97.5 97.4 97.4 97.7 97.5 97.6 99.3 98.6 90.6 90.6 90.6 91.8 91.7 91.8 97.2 94.8 91.4 71.6
40 6.677 0.026 0.046 97.8 97.5 97.6 97.9 97.6 97.8 99.4 98.7 90.6 90.5 90.5 91.7 91.7 91.7 97.2 94.8 91.4 72.1
44 6.413 0.024 0.041 97.8 97.6 97.7 98.0 97.7 97.9 99.5 98.9 90.6 90.5 90.5 91.7 91.7 91.7 97.2 94.8 91.4 72.5
48 6.346 0.022 0.037 98.1 98.0 98.1 98.3 98.1 98.2 99.5 99.0 90.5 90.4 90.5 91.7 91.6 91.6 97.2 94.8 91.3 71.5
52 5.779 0.020 0.034 98.3 98.0 98.1 98.4 98.1 98.3 99.6 99.2 90.6 90.5 90.5 91.7 91.6 91.7 97.2 94.8 91.4 71.6
56 5.977 0.019 0.030 98.5 98.2 98.3 98.6 98.3 98.4 99.6 99.2 90.6 90.5 90.5 91.7 91.7 91.7 97.1 94.7 91.4 72.0
60 5.679 0.017 0.028 98.6 98.4 98.5 98.7 98.5 98.6 99.7 99.3 90.6 90.5 90.5 91.8 91.6 91.7 97.1 94.7 91.4 72.6
64 5.655 0.016 0.025 98.7 98.6 98.6 98.8 98.7 98.7 99.7 99.4 90.6 90.5 90.5 91.8 91.6 91.7 97.1 94.7 91.4 72.8
68 5.655 0.014 0.022 98.9 98.8 98.8 98.9 98.9 98.9 99.8 99.4 90.7 90.5 90.6 91.8 91.6 91.7 97.1 94.7 91.5 73.1
72 5.419 0.013 0.020 98.9 98.8 98.8 99.0 98.8 98.9 99.8 99.5 90.7 90.5 90.6 91.8 91.7 91.7 97.1 94.7 91.5 73.0
76 5.098 0.012 0.019 99.0 99.0 99.0 99.1 99.0 99.0 99.8 99.6 90.7 90.5 90.6 91.8 91.6 91.7 97.1 94.7 91.4 73.4
80 5.395 0.011 0.017 99.1 99.0 99.0 99.1 99.1 99.1 99.8 99.6 90.6 90.5 90.5 91.8 91.7 91.7 97.1 94.7 91.4 73.3
84 5.104 0.010 0.016 99.2 99.3 99.2 99.3 99.3 99.3 99.8 99.6 90.6 90.5 90.5 91.8 91.6 91.7 97.1 94.7 91.4 73.0
88 5.176 0.010 0.014 99.3 99.3 99.3 99.4 99.4 99.4 99.8 99.7 90.6 90.5 90.6 91.8 91.7 91.7 97.1 94.6 91.4 73.5
92 5.428 0.009 0.013 99.4 99.4 99.4 99.4 99.4 99.4 99.9 99.7 90.6 90.5 90.5 91.7 91.6 91.7 97.1 94.6 91.4 73.5
96 5.304 0.008 0.012 99.4 99.4 99.4 99.5 99.4 99.4 99.9 99.8 90.6 90.4 90.5 91.7 91.6 91.7 97.1 94.6 91.4 73.3
100 5.145 0.008 0.011 99.5 99.5 99.5 99.6 99.5 99.6 99.9 99.8 90.5 90.4 90.5 91.7 91.6 91.6 97.1 94.6 91.3 73.4
