Epoch pl   tl  del   tp   tr   tf   tup  tur  tuf  tt  tde  dp   dr   df   dup  dur  duf  dt  dde discoF disco2F
4 12.720 0.080 0.534 89.9 90.4 90.1 90.9 91.5 91.2 98.1 87.0 88.5 88.9 88.7 89.8 90.3 90.0 97.2 84.7 89.5 62.3
8 10.737 0.066 0.365 92.8 92.6 92.7 93.5 93.3 93.4 98.4 90.5 89.8 89.8 89.8 91.0 91.0 91.0 97.3 86.5 90.6 66.5
12 9.517 0.060 0.283 94.1 93.9 94.0 94.7 94.5 94.6 98.6 92.7 90.3 90.3 90.3 91.5 91.4 91.4 97.3 87.1 91.1 67.2
16 8.709 0.057 0.239 95.0 94.8 94.9 95.6 95.4 95.5 98.7 94.0 90.5 90.3 90.4 91.7 91.5 91.6 97.3 87.4 91.2 68.2
20 8.588 0.054 0.209 95.6 95.3 95.5 96.2 95.9 96.0 98.9 95.2 90.6 90.4 90.5 91.8 91.5 91.7 97.3 87.5 91.3 67.6
24 8.263 0.052 0.189 96.4 95.9 96.2 96.9 96.4 96.6 98.9 95.8 90.6 90.5 90.5 91.8 91.6 91.7 97.3 87.6 91.4 69.1
28 8.148 0.051 0.172 96.7 96.3 96.5 97.2 96.8 97.0 99.0 96.5 90.6 90.4 90.5 91.7 91.5 91.6 97.3 87.7 91.4 70.0
32 7.614 0.049 0.161 96.9 96.6 96.7 97.3 97.0 97.2 99.0 96.9 90.7 90.4 90.6 91.8 91.5 91.7 97.2 87.6 91.5 70.3
36 7.814 0.048 0.149 97.1 96.9 97.0 97.5 97.3 97.4 99.0 97.3 90.7 90.4 90.5 91.8 91.5 91.7 97.3 87.7 91.4 70.0
40 7.539 0.046 0.137 97.4 97.1 97.3 97.8 97.5 97.7 99.0 97.6 90.8 90.5 90.6 91.9 91.6 91.8 97.3 87.7 91.6 70.8
44 7.115 0.045 0.127 97.5 97.2 97.4 97.9 97.6 97.7 99.1 98.0 90.7 90.4 90.6 91.9 91.5 91.7 97.2 87.7 91.5 70.6
48 7.453 0.043 0.118 97.6 97.4 97.5 98.0 97.8 97.9 99.1 98.1 90.7 90.4 90.5 91.8 91.5 91.7 97.2 87.7 91.5 71.3
52 7.058 0.041 0.109 97.8 97.7 97.7 98.1 98.0 98.1 99.2 98.3 90.7 90.4 90.5 91.9 91.5 91.7 97.2 87.7 91.5 70.9
56 6.760 0.039 0.099 98.0 97.7 97.8 98.3 98.1 98.2 99.1 98.5 90.7 90.4 90.5 91.8 91.5 91.7 97.2 87.7 91.5 70.5
60 6.600 0.037 0.091 98.3 98.1 98.2 98.6 98.4 98.5 99.2 98.7 90.7 90.3 90.5 91.8 91.5 91.7 97.2 87.7 91.5 70.5
64 6.728 0.036 0.082 98.3 98.2 98.3 98.7 98.5 98.6 99.2 98.8 90.6 90.4 90.5 91.8 91.5 91.7 97.2 87.7 91.5 70.7
68 6.374 0.034 0.075 98.5 98.3 98.4 98.8 98.6 98.7 99.2 98.9 90.6 90.4 90.5 91.8 91.6 91.7 97.2 87.7 91.5 70.7
72 6.148 0.032 0.069 98.6 98.4 98.5 98.9 98.7 98.8 99.3 99.1 90.6 90.3 90.5 91.8 91.5 91.7 97.2 87.7 91.5 71.4
76 6.266 0.031 0.063 98.7 98.5 98.6 99.0 98.7 98.9 99.3 99.1 90.7 90.3 90.5 91.9 91.5 91.7 97.2 87.7 91.5 71.4
80 6.101 0.029 0.058 98.8 98.5 98.6 99.0 98.8 98.9 99.4 99.2 90.7 90.3 90.5 91.8 91.5 91.7 97.2 87.7 91.5 71.6
84 5.931 0.027 0.052 98.8 98.5 98.7 99.1 98.8 99.0 99.4 99.3 90.6 90.3 90.5 91.8 91.4 91.6 97.2 87.7 91.4 71.4
88 5.878 0.026 0.047 98.8 98.6 98.7 99.1 98.9 99.0 99.4 99.3 90.7 90.4 90.5 91.9 91.5 91.7 97.2 87.7 91.5 71.7
92 5.846 0.024 0.044 98.9 98.6 98.8 99.2 98.9 99.1 99.5 99.4 90.7 90.4 90.5 91.9 91.6 91.7 97.2 87.6 91.5 71.4
96 5.294 0.023 0.041 99.0 98.7 98.9 99.3 98.9 99.1 99.5 99.5 90.7 90.4 90.5 91.9 91.6 91.8 97.2 87.6 91.5 71.8
100 5.627 0.021 0.036 99.0 98.7 98.9 99.3 99.0 99.1 99.5 99.5 90.6 90.3 90.5 91.8 91.6 91.7 97.1 87.6 91.4 72.2
