Epoch pl   tl     tp   tr   tf   tup  tur  tuf  tt    dp   dr   df   dup  dur  duf  dt   discoF disco2F
4 13.347 0.085 88.6 88.6 88.6 89.8 89.7 89.7 97.6 87.4 87.3 87.3 88.9 88.7 88.8 96.9 88.2 60.8
8 10.588 0.070 91.0 90.7 90.9 91.8 91.5 91.7 97.9 88.9 88.6 88.7 90.1 89.8 90.0 97.1 89.5 61.2
12 10.565 0.063 92.0 92.1 92.1 92.7 92.8 92.7 98.3 89.4 89.3 89.4 90.7 90.6 90.7 97.2 90.3 65.3
16 9.467 0.057 92.8 92.9 92.9 93.5 93.6 93.5 98.5 89.8 89.8 89.8 91.1 91.0 91.1 97.2 90.6 65.5
20 8.622 0.053 94.0 94.0 94.0 94.5 94.5 94.5 98.6 90.0 90.0 90.0 91.3 91.3 91.3 97.2 90.9 66.2
24 8.041 0.049 94.8 94.8 94.8 95.3 95.2 95.3 98.6 90.2 90.1 90.1 91.5 91.3 91.4 97.2 91.0 67.7
28 7.612 0.046 95.2 95.1 95.1 95.6 95.5 95.6 98.7 90.2 90.1 90.1 91.5 91.4 91.4 97.2 91.0 67.7
32 7.871 0.043 95.8 95.8 95.8 96.2 96.1 96.2 98.7 90.3 90.1 90.2 91.6 91.4 91.5 97.2 91.1 68.2
36 6.966 0.041 96.0 96.1 96.1 96.4 96.5 96.5 98.8 90.3 90.1 90.2 91.6 91.4 91.5 97.2 91.1 67.3
40 6.881 0.038 96.5 96.4 96.4 96.9 96.8 96.9 98.9 90.3 90.1 90.2 91.6 91.5 91.5 97.2 91.1 66.6
44 6.903 0.036 96.8 96.6 96.7 97.2 97.0 97.1 98.9 90.4 90.2 90.3 91.7 91.5 91.6 97.2 91.2 67.6
48 6.811 0.034 97.0 96.7 96.9 97.4 97.1 97.3 99.0 90.3 90.2 90.2 91.6 91.5 91.5 97.2 91.1 67.0
52 6.453 0.032 97.3 97.0 97.2 97.7 97.4 97.5 99.0 90.3 90.2 90.3 91.6 91.5 91.6 97.2 91.1 67.8
56 6.143 0.031 97.5 97.2 97.4 97.8 97.5 97.7 99.0 90.3 90.2 90.3 91.7 91.5 91.6 97.2 91.1 67.1
60 5.939 0.029 97.7 97.4 97.5 98.0 97.7 97.8 99.1 90.4 90.2 90.3 91.7 91.5 91.6 97.2 91.2 67.9
64 5.762 0.027 97.8 97.6 97.7 98.1 97.9 98.0 99.1 90.4 90.2 90.3 91.7 91.5 91.6 97.2 91.1 67.2
68 5.685 0.026 98.1 97.8 98.0 98.3 98.1 98.2 99.2 90.4 90.2 90.3 91.7 91.5 91.6 97.2 91.2 66.9
72 5.669 0.025 98.1 97.9 98.0 98.3 98.1 98.2 99.2 90.4 90.3 90.3 91.7 91.6 91.6 97.2 91.2 67.1
76 5.219 0.023 98.4 98.1 98.2 98.5 98.3 98.4 99.3 90.5 90.3 90.4 91.8 91.6 91.7 97.2 91.2 66.7
80 5.785 0.022 98.5 98.2 98.3 98.6 98.4 98.5 99.3 90.5 90.2 90.4 91.8 91.6 91.7 97.2 91.2 67.7
84 5.720 0.021 98.7 98.4 98.5 98.8 98.5 98.7 99.3 90.3 90.2 90.3 91.7 91.5 91.6 97.2 91.1 67.9
88 5.442 0.020 98.8 98.4 98.6 98.9 98.6 98.8 99.3 90.3 90.2 90.2 91.6 91.5 91.6 97.2 91.1 67.7
92 5.439 0.019 98.8 98.5 98.7 99.0 98.7 98.8 99.4 90.3 90.2 90.2 91.6 91.5 91.5 97.2 91.1 66.9
96 5.480 0.018 99.0 98.7 98.8 99.2 98.9 99.0 99.4 90.3 90.1 90.2 91.6 91.4 91.5 97.2 91.1 66.9
100 5.368 0.017 99.0 98.7 98.9 99.2 98.9 99.1 99.4 90.3 90.1 90.2 91.6 91.4 91.5 97.2 91.1 67.5
