Epoch pl   tl  hel   arl   skl   sul   tp   tr   tf   tup  tur  tuf  tt  the  tar  tsk  tsu  dp   dr   df   dup  dur  duf  dt  dhe  dar  dsk  dsu discoF disco2F
4 11.537 0.089 0.089 0.087 0.141 0.176 91.4 92.2 91.8 92.2 93.0 92.6 97.5 97.4 97.7 96.2 95.5 88.8 89.3 89.1 90.0 90.6 90.3 96.9 95.0 95.4 92.9 92.2 89.9 64.4
8 9.369 0.078 0.052 0.050 0.084 0.096 93.7 94.1 93.9 94.4 94.7 94.6 98.1 98.6 98.8 97.9 97.2 90.0 90.1 90.1 91.1 91.2 91.2 97.1 95.4 95.6 93.2 92.6 90.9 68.3
12 8.151 0.072 0.038 0.037 0.062 0.064 94.7 95.2 94.9 95.3 95.7 95.5 98.3 99.0 99.2 98.6 98.2 90.3 90.4 90.3 91.4 91.5 91.5 97.1 95.4 95.6 93.3 92.6 91.1 68.2
16 6.948 0.067 0.030 0.030 0.050 0.046 95.8 96.0 95.9 96.3 96.5 96.4 98.4 99.3 99.4 99.0 98.7 90.5 90.5 90.5 91.6 91.6 91.6 97.2 95.4 95.6 93.3 92.7 91.3 68.6
20 7.146 0.062 0.025 0.024 0.041 0.035 96.2 96.5 96.4 96.6 96.9 96.8 98.5 99.6 99.6 99.3 99.2 90.5 90.5 90.5 91.7 91.6 91.6 97.2 95.4 95.6 93.3 92.7 91.3 70.0
24 6.485 0.058 0.020 0.019 0.033 0.026 96.7 97.0 96.8 97.1 97.3 97.2 98.6 99.6 99.7 99.5 99.4 90.5 90.4 90.4 91.6 91.5 91.5 97.2 95.4 95.6 93.3 92.7 91.2 69.5
28 6.492 0.054 0.016 0.016 0.027 0.020 97.2 97.4 97.3 97.5 97.7 97.6 98.6 99.7 99.8 99.6 99.5 90.5 90.4 90.5 91.7 91.6 91.6 97.2 95.4 95.6 93.3 92.6 91.3 69.7
32 5.787 0.050 0.013 0.013 0.022 0.015 97.8 97.8 97.8 98.0 98.0 98.0 98.7 99.8 99.9 99.7 99.6 90.7 90.7 90.7 91.8 91.8 91.8 97.2 95.4 95.6 93.3 92.6 91.5 71.7
36 5.874 0.046 0.011 0.011 0.018 0.012 98.1 98.1 98.1 98.3 98.3 98.3 98.7 99.9 99.9 99.7 99.7 90.7 90.6 90.7 91.8 91.8 91.8 97.2 95.4 95.6 93.2 92.6 91.5 72.0
40 5.761 0.042 0.009 0.009 0.015 0.009 98.3 98.3 98.3 98.5 98.5 98.5 98.8 99.9 100.0 99.8 99.8 90.7 90.6 90.6 91.8 91.7 91.8 97.2 95.4 95.6 93.2 92.6 91.5 71.6
44 5.156 0.039 0.007 0.007 0.013 0.008 98.6 98.5 98.5 98.7 98.7 98.7 98.8 99.9 100.0 99.8 99.8 90.6 90.6 90.6 91.8 91.7 91.7 97.2 95.4 95.5 93.2 92.6 91.4 72.3
48 5.529 0.036 0.007 0.006 0.011 0.006 98.7 98.7 98.7 98.8 98.8 98.8 98.8 100.0 100.0 99.8 99.9 90.6 90.5 90.6 91.8 91.7 91.7 97.2 95.4 95.6 93.2 92.6 91.4 72.7
52 5.361 0.032 0.006 0.006 0.009 0.005 98.9 98.9 98.9 99.0 99.0 99.0 98.9 100.0 100.0 99.9 99.9 90.6 90.4 90.5 91.8 91.6 91.7 97.2 95.3 95.5 93.1 92.6 91.3 72.8
56 5.173 0.029 0.005 0.005 0.008 0.005 99.0 99.0 99.0 99.1 99.2 99.2 99.0 100.0 100.0 99.9 99.9 90.6 90.4 90.5 91.8 91.6 91.7 97.2 95.3 95.5 93.1 92.6 91.3 73.5
60 4.581 0.027 0.004 0.004 0.007 0.004 99.0 99.1 99.1 99.2 99.3 99.2 99.0 100.0 100.0 99.9 99.9 90.7 90.5 90.6 91.9 91.7 91.8 97.2 95.3 95.5 93.0 92.5 91.4 73.5
64 4.807 0.024 0.004 0.004 0.006 0.004 99.1 99.1 99.1 99.2 99.2 99.2 99.0 100.0 100.0 99.9 99.9 90.7 90.6 90.6 91.8 91.7 91.8 97.2 95.3 95.5 93.0 92.5 91.4 74.1
68 5.022 0.022 0.003 0.004 0.005 0.003 99.2 99.2 99.2 99.3 99.3 99.3 99.1 100.0 100.0 99.9 100.0 90.7 90.5 90.6 91.8 91.7 91.8 97.2 95.3 95.5 93.1 92.5 91.5 73.8
72 5.014 0.020 0.003 0.003 0.005 0.003 99.3 99.2 99.2 99.4 99.3 99.3 99.1 100.0 100.0 99.9 100.0 90.7 90.5 90.6 91.9 91.7 91.8 97.1 95.3 95.5 93.1 92.5 91.5 73.6
76 4.650 0.018 0.003 0.003 0.005 0.003 99.5 99.5 99.5 99.6 99.6 99.6 99.1 100.0 100.0 99.9 100.0 90.7 90.6 90.6 91.9 91.7 91.8 97.2 95.3 95.5 93.1 92.5 91.5 73.6
80 4.780 0.016 0.003 0.003 0.004 0.003 99.5 99.5 99.5 99.6 99.7 99.6 99.2 100.0 100.0 99.9 100.0 90.7 90.6 90.6 91.8 91.7 91.8 97.2 95.3 95.5 93.0 92.5 91.5 73.7
84 4.991 0.015 0.003 0.003 0.004 0.002 99.5 99.6 99.6 99.6 99.7 99.7 99.2 100.0 100.0 99.9 100.0 90.7 90.5 90.6 91.9 91.7 91.8 97.2 95.3 95.5 93.1 92.5 91.5 73.9
88 4.527 0.013 0.002 0.002 0.004 0.002 99.5 99.6 99.6 99.6 99.7 99.7 99.2 100.0 100.0 99.9 100.0 90.7 90.5 90.6 91.8 91.6 91.7 97.2 95.3 95.5 93.0 92.5 91.5 73.3
92 4.816 0.012 0.002 0.002 0.003 0.002 99.6 99.7 99.6 99.7 99.8 99.7 99.3 100.0 100.0 100.0 100.0 90.7 90.5 90.6 91.8 91.6 91.7 97.2 95.3 95.5 93.0 92.5 91.4 73.0
96 4.546 0.011 0.002 0.002 0.003 0.002 99.6 99.7 99.7 99.7 99.8 99.7 99.3 100.0 100.0 100.0 100.0 90.7 90.4 90.5 91.8 91.6 91.7 97.2 95.3 95.5 93.0 92.4 91.4 73.7
100 4.783 0.010 0.002 0.002 0.003 0.002 99.7 99.7 99.7 99.7 99.8 99.8 99.4 100.0 100.0 100.0 100.0 90.7 90.4 90.5 91.8 91.6 91.7 97.2 95.3 95.5 93.0 92.4 91.4 73.5
