Epoch pl   tl     tp   tr   tf   tup  tur  tuf  tt    dp   dr   df   dup  dur  duf  dt   discoF disco2F
4 12.486 0.080 90.1 89.9 90.0 91.2 91.0 91.1 97.8 88.3 88.4 88.4 89.6 89.8 89.7 97.0 89.2 64.1
8 10.281 0.064 93.0 92.8 92.9 93.7 93.5 93.6 98.3 89.8 89.8 89.8 91.0 91.0 91.0 97.2 90.6 68.4
12 9.099 0.056 94.2 94.1 94.1 94.7 94.7 94.7 98.6 90.1 90.2 90.2 91.4 91.4 91.4 97.3 91.0 68.4
16 8.158 0.050 95.2 95.3 95.3 95.7 95.9 95.8 98.7 90.5 90.5 90.5 91.7 91.7 91.7 97.3 91.3 71.2
20 7.636 0.045 95.9 95.9 95.9 96.5 96.5 96.5 98.9 90.8 90.7 90.7 92.0 91.9 91.9 97.3 91.6 71.3
24 7.066 0.041 96.6 96.6 96.6 97.1 97.0 97.1 99.0 91.0 90.8 90.9 92.2 92.0 92.1 97.3 91.7 72.9
28 6.237 0.037 97.3 97.3 97.3 97.6 97.7 97.7 99.0 91.0 90.8 90.9 92.2 92.0 92.1 97.3 91.8 73.2
32 6.775 0.034 97.6 97.5 97.6 98.0 97.9 97.9 99.1 91.0 90.9 91.0 92.2 92.1 92.1 97.3 91.8 74.2
36 6.175 0.031 97.9 97.9 97.9 98.2 98.2 98.2 99.2 91.0 90.8 90.9 92.1 92.0 92.1 97.3 91.8 73.8
40 6.407 0.028 98.1 98.1 98.1 98.4 98.3 98.4 99.2 91.0 90.8 90.9 92.1 92.0 92.1 97.3 91.8 73.1
44 5.763 0.026 98.3 98.3 98.3 98.5 98.5 98.5 99.2 91.0 90.9 90.9 92.2 92.1 92.1 97.3 91.8 74.0
48 5.647 0.023 98.6 98.6 98.6 98.9 98.8 98.8 99.3 91.1 90.9 91.0 92.3 92.1 92.2 97.3 91.9 74.4
52 5.696 0.021 98.9 98.7 98.8 99.1 98.9 99.0 99.3 91.0 90.8 90.9 92.2 92.0 92.1 97.3 91.8 73.4
56 5.649 0.019 99.0 98.8 98.9 99.2 99.0 99.1 99.4 91.1 90.8 91.0 92.3 92.0 92.1 97.2 91.9 73.1
60 5.581 0.017 99.2 99.0 99.1 99.4 99.2 99.3 99.4 91.1 90.8 91.0 92.3 91.9 92.1 97.2 91.9 72.8
64 5.466 0.015 99.3 99.0 99.2 99.5 99.2 99.3 99.5 91.2 90.8 91.0 92.3 91.9 92.1 97.2 91.9 73.0
68 5.121 0.014 99.4 99.2 99.3 99.6 99.4 99.5 99.5 91.1 90.7 90.9 92.3 91.9 92.1 97.3 91.8 72.9
72 4.966 0.013 99.4 99.3 99.4 99.6 99.4 99.5 99.5 91.1 90.6 90.9 92.2 91.7 92.0 97.2 91.8 73.0
76 5.036 0.012 99.5 99.3 99.4 99.7 99.5 99.6 99.6 91.1 90.6 90.8 92.2 91.7 92.0 97.2 91.8 73.3
80 5.302 0.010 99.6 99.4 99.5 99.7 99.6 99.6 99.6 91.0 90.5 90.8 92.2 91.7 91.9 97.2 91.7 72.8
84 4.974 0.009 99.6 99.5 99.6 99.8 99.7 99.7 99.6 91.0 90.6 90.8 92.2 91.7 92.0 97.2 91.7 72.5
88 4.801 0.009 99.6 99.5 99.6 99.8 99.7 99.7 99.7 91.1 90.7 90.9 92.2 91.8 92.0 97.2 91.8 72.3
92 4.735 0.008 99.6 99.5 99.6 99.8 99.7 99.7 99.7 91.0 90.6 90.8 92.2 91.8 92.0 97.2 91.7 71.6
96 5.332 0.007 99.6 99.6 99.6 99.8 99.7 99.7 99.7 91.0 90.6 90.8 92.1 91.7 91.9 97.2 91.7 71.1
100 5.166 0.007 99.7 99.6 99.7 99.8 99.8 99.8 99.8 91.0 90.6 90.8 92.1 91.7 91.9 97.2 91.7 71.8
