Epoch pl   tl  sul   tp   tr   tf   tup  tur  tuf  tt  tsu  dp   dr   df   dup  dur  duf  dt  dsu discoF disco2F
4 11.673 0.082 0.283 91.0 91.5 91.2 91.9 92.4 92.2 97.7 93.2 88.8 89.1 88.9 90.1 90.4 90.3 97.1 91.0 89.8 64.4
8 9.360 0.068 0.202 93.0 93.4 93.2 93.8 94.2 94.0 98.1 95.1 90.0 90.1 90.0 91.2 91.3 91.3 97.2 91.9 90.9 69.1
12 8.432 0.062 0.159 94.4 94.7 94.6 95.1 95.3 95.2 98.4 95.9 90.4 90.4 90.4 91.6 91.6 91.6 97.2 92.3 91.2 71.6
16 8.373 0.058 0.132 95.4 95.4 95.4 95.9 96.0 95.9 98.5 96.6 90.5 90.4 90.4 91.7 91.6 91.6 97.3 92.5 91.3 72.3
20 7.668 0.055 0.113 96.5 96.4 96.5 96.9 96.9 96.9 98.6 97.1 90.5 90.5 90.5 91.8 91.7 91.7 97.3 92.6 91.3 74.1
24 7.117 0.053 0.099 96.8 96.9 96.8 97.2 97.2 97.2 98.7 97.5 90.6 90.5 90.5 91.8 91.7 91.7 97.3 92.7 91.4 74.2
28 6.922 0.050 0.088 97.1 97.0 97.0 97.4 97.3 97.4 98.8 97.8 90.7 90.6 90.6 91.9 91.8 91.9 97.3 92.7 91.5 74.8
32 7.002 0.048 0.079 97.5 97.5 97.5 97.8 97.8 97.8 98.9 98.1 90.7 90.6 90.6 91.9 91.8 91.9 97.3 92.7 91.5 75.2
36 6.717 0.046 0.072 97.9 97.8 97.9 98.2 98.1 98.1 98.9 98.4 90.7 90.5 90.6 91.9 91.7 91.8 97.2 92.8 91.5 74.1
40 6.726 0.045 0.065 98.1 98.0 98.1 98.4 98.3 98.3 98.9 98.6 90.8 90.6 90.7 91.9 91.7 91.8 97.2 92.8 91.5 74.9
44 5.961 0.042 0.058 98.4 98.3 98.4 98.6 98.6 98.6 98.9 98.8 90.8 90.6 90.7 91.9 91.8 91.9 97.3 92.8 91.5 74.6
48 6.120 0.040 0.054 98.7 98.6 98.6 98.9 98.8 98.8 99.0 99.0 90.8 90.6 90.7 92.0 91.8 91.9 97.2 92.8 91.6 74.6
52 5.919 0.039 0.049 98.8 98.8 98.8 99.0 99.0 99.0 99.0 99.1 90.9 90.7 90.8 92.1 91.9 92.0 97.2 92.8 91.7 74.8
56 5.860 0.037 0.044 99.0 99.0 99.0 99.1 99.2 99.2 99.0 99.2 91.0 90.8 90.9 92.2 92.0 92.1 97.2 92.9 91.8 74.9
60 5.701 0.035 0.040 99.1 99.1 99.1 99.3 99.3 99.3 99.1 99.3 90.9 90.7 90.8 92.1 92.0 92.0 97.2 92.8 91.7 75.0
64 5.648 0.033 0.036 99.2 99.1 99.2 99.4 99.3 99.3 99.1 99.4 90.9 90.7 90.8 92.2 92.0 92.1 97.2 92.8 91.7 75.2
68 5.517 0.031 0.033 99.3 99.2 99.3 99.5 99.3 99.4 99.1 99.4 90.9 90.7 90.8 92.1 91.9 92.0 97.2 92.8 91.7 75.4
72 5.481 0.030 0.031 99.4 99.2 99.3 99.5 99.4 99.5 99.1 99.5 90.9 90.7 90.8 92.1 91.9 92.0 97.2 92.8 91.7 74.2
76 5.391 0.028 0.028 99.5 99.3 99.4 99.6 99.5 99.5 99.2 99.5 90.9 90.7 90.8 92.1 91.9 92.0 97.2 92.8 91.7 73.9
80 5.473 0.026 0.025 99.5 99.4 99.4 99.6 99.5 99.5 99.2 99.6 90.9 90.7 90.8 92.1 91.8 92.0 97.2 92.8 91.7 73.7
84 5.465 0.024 0.023 99.5 99.4 99.5 99.6 99.6 99.6 99.2 99.6 90.9 90.7 90.8 92.1 91.9 92.0 97.2 92.7 91.7 74.2
88 4.894 0.023 0.021 99.5 99.5 99.5 99.7 99.7 99.7 99.2 99.7 90.8 90.6 90.7 92.1 91.9 92.0 97.2 92.7 91.6 74.5
92 5.002 0.022 0.019 99.5 99.6 99.6 99.7 99.7 99.7 99.2 99.7 90.8 90.6 90.7 92.0 91.9 92.0 97.2 92.7 91.6 74.2
96 5.302 0.020 0.018 99.6 99.7 99.7 99.7 99.8 99.8 99.3 99.7 90.9 90.7 90.8 92.1 91.9 92.0 97.2 92.7 91.7 74.7
100 4.994 0.019 0.016 99.7 99.7 99.7 99.8 99.8 99.8 99.3 99.8 90.8 90.7 90.8 92.0 91.9 92.0 97.2 92.7 91.6 74.7
