Epoch pl   tl     tp   tr   tf   tup  tur  tuf  tt    dp   dr   df   dup  dur  duf  dt   discoF disco2F
4 13.073 0.081 90.3 90.3 90.3 91.5 91.5 91.5 97.7 88.5 88.6 88.5 89.8 89.9 89.9 97.0 89.3 61.5
8 10.543 0.066 92.2 91.8 92.0 93.1 92.7 92.9 98.2 89.8 89.8 89.8 91.0 91.0 91.0 97.1 90.6 66.2
12 9.317 0.059 93.7 93.3 93.5 94.3 93.9 94.1 98.4 90.4 90.3 90.3 91.6 91.5 91.5 97.2 91.2 70.0
16 8.045 0.053 94.5 94.2 94.4 95.1 94.8 94.9 98.6 90.6 90.4 90.5 91.8 91.6 91.7 97.2 91.3 70.4
20 7.734 0.049 95.7 95.5 95.6 96.3 96.0 96.1 98.6 90.7 90.5 90.6 91.9 91.8 91.8 97.2 91.5 71.4
24 7.299 0.046 96.4 96.1 96.3 96.9 96.6 96.8 98.7 90.8 90.7 90.7 92.0 91.9 91.9 97.2 91.6 72.1
28 7.069 0.043 96.8 96.6 96.7 97.3 97.0 97.2 98.7 90.8 90.7 90.8 92.0 91.9 92.0 97.2 91.6 72.6
32 6.651 0.040 97.2 97.0 97.1 97.6 97.5 97.5 98.8 90.8 90.7 90.7 92.0 91.9 91.9 97.2 91.6 73.2
36 6.755 0.038 97.5 97.4 97.5 97.9 97.8 97.9 98.8 90.8 90.7 90.8 92.0 92.0 92.0 97.2 91.6 73.7
40 5.950 0.035 97.9 97.8 97.8 98.2 98.1 98.1 98.9 90.8 90.8 90.8 92.0 92.0 92.0 97.2 91.7 73.4
44 5.773 0.033 98.0 98.0 98.0 98.3 98.2 98.3 99.0 90.9 90.8 90.8 92.1 92.0 92.0 97.2 91.7 73.5
48 5.533 0.030 98.4 98.4 98.4 98.7 98.6 98.7 99.1 90.9 90.8 90.9 92.1 92.0 92.1 97.2 91.7 73.3
52 5.831 0.029 98.7 98.6 98.7 99.0 98.8 98.9 99.1 90.9 90.8 90.9 92.1 92.0 92.1 97.2 91.7 72.5
56 5.379 0.026 98.8 98.7 98.8 99.1 98.9 99.0 99.1 90.9 90.8 90.9 92.1 92.0 92.1 97.2 91.7 73.3
60 5.513 0.025 99.0 98.9 98.9 99.2 99.0 99.1 99.2 90.9 90.8 90.8 92.1 92.0 92.0 97.2 91.7 73.3
64 5.251 0.022 99.2 99.1 99.1 99.4 99.3 99.3 99.3 90.9 90.8 90.8 92.0 91.9 92.0 97.2 91.6 72.8
68 5.028 0.020 99.2 99.1 99.2 99.4 99.3 99.3 99.3 90.8 90.7 90.8 92.0 91.9 92.0 97.2 91.6 72.7
72 5.416 0.019 99.2 99.2 99.2 99.4 99.4 99.4 99.4 90.9 90.8 90.8 92.1 92.0 92.0 97.2 91.7 73.0
76 5.286 0.018 99.2 99.2 99.2 99.4 99.4 99.4 99.4 90.9 90.8 90.8 92.1 92.0 92.0 97.2 91.7 73.0
80 5.318 0.016 99.3 99.2 99.2 99.5 99.4 99.4 99.5 90.9 90.8 90.9 92.1 92.0 92.1 97.2 91.7 73.3
84 5.187 0.015 99.3 99.3 99.3 99.5 99.5 99.5 99.5 90.9 90.9 90.9 92.1 92.1 92.1 97.2 91.7 73.0
88 4.852 0.013 99.4 99.3 99.3 99.6 99.5 99.5 99.5 91.0 90.9 90.9 92.2 92.1 92.1 97.2 91.8 73.3
92 4.819 0.012 99.4 99.3 99.4 99.6 99.5 99.6 99.5 90.9 90.9 90.9 92.1 92.1 92.1 97.2 91.8 73.1
96 5.105 0.012 99.4 99.4 99.4 99.6 99.5 99.6 99.6 90.9 90.9 90.9 92.1 92.1 92.1 97.2 91.7 72.7
100 5.020 0.010 99.5 99.4 99.4 99.6 99.6 99.6 99.6 90.9 90.8 90.8 92.1 92.0 92.0 97.2 91.7 73.0
