Epoch pl   tl  sul   tp   tr   tf   tup  tur  tuf  tt  tsu  dp   dr   df   dup  dur  duf  dt  dsu discoF disco2F
4 12.004 0.079 0.264 91.4 91.8 91.6 92.3 92.7 92.5 97.8 93.2 89.0 89.3 89.1 90.3 90.6 90.4 97.2 91.3 90.0 67.5
8 9.915 0.065 0.175 93.4 93.5 93.4 94.0 94.1 94.1 98.2 95.3 90.1 90.1 90.1 91.3 91.3 91.3 97.2 92.2 90.9 71.0
12 8.686 0.057 0.124 95.1 95.3 95.2 95.6 95.7 95.7 98.5 96.5 90.4 90.3 90.3 91.6 91.5 91.5 97.3 92.4 91.2 71.1
16 6.797 0.053 0.092 96.1 96.4 96.2 96.6 96.9 96.7 98.6 97.5 90.6 90.5 90.5 91.8 91.7 91.7 97.2 92.7 91.4 71.0
20 6.838 0.048 0.072 96.7 97.0 96.8 97.0 97.3 97.2 98.7 98.0 90.6 90.5 90.5 91.8 91.7 91.8 97.2 92.7 91.4 71.8
24 6.366 0.043 0.058 97.5 97.6 97.5 97.8 97.9 97.8 98.9 98.5 90.6 90.4 90.5 91.8 91.6 91.7 97.2 92.8 91.4 70.3
28 6.502 0.040 0.048 98.2 98.2 98.2 98.4 98.4 98.4 98.9 98.8 90.7 90.5 90.6 91.9 91.7 91.8 97.2 92.8 91.5 70.8
32 5.832 0.036 0.041 98.5 98.5 98.5 98.7 98.7 98.7 99.0 99.1 90.7 90.5 90.6 92.0 91.7 91.8 97.3 92.9 91.5 70.5
36 5.615 0.032 0.034 98.8 98.7 98.7 98.9 98.8 98.9 99.1 99.3 90.8 90.6 90.7 92.0 91.8 91.9 97.2 92.8 91.6 70.2
40 5.788 0.030 0.030 99.0 98.9 98.9 99.1 99.0 99.1 99.1 99.4 90.8 90.6 90.7 92.0 91.8 91.9 97.2 92.8 91.6 70.8
44 5.382 0.026 0.026 99.1 99.0 99.1 99.2 99.2 99.2 99.2 99.5 90.9 90.6 90.7 92.0 91.8 91.9 97.2 92.8 91.6 71.8
48 5.344 0.024 0.022 99.1 99.2 99.1 99.2 99.2 99.2 99.3 99.6 90.9 90.6 90.7 92.0 91.8 91.9 97.2 92.8 91.6 71.2
52 4.986 0.021 0.019 99.1 99.3 99.2 99.2 99.4 99.3 99.3 99.7 90.9 90.7 90.8 92.1 91.8 92.0 97.2 92.7 91.7 71.8
56 5.000 0.019 0.017 99.3 99.5 99.4 99.4 99.6 99.5 99.4 99.8 90.8 90.6 90.7 92.0 91.8 91.9 97.2 92.7 91.6 71.8
60 5.246 0.017 0.015 99.3 99.6 99.5 99.4 99.6 99.5 99.5 99.9 90.9 90.6 90.7 92.1 91.8 91.9 97.2 92.7 91.6 71.9
64 5.066 0.015 0.013 99.5 99.7 99.6 99.5 99.7 99.6 99.5 99.9 90.9 90.6 90.8 92.1 91.8 92.0 97.2 92.7 91.7 71.5
68 4.949 0.013 0.012 99.5 99.7 99.6 99.6 99.8 99.7 99.6 99.9 90.9 90.7 90.8 92.1 91.9 92.0 97.2 92.7 91.7 72.0
72 4.885 0.012 0.010 99.5 99.7 99.6 99.6 99.8 99.7 99.6 99.9 90.9 90.6 90.7 92.1 91.8 91.9 97.2 92.6 91.7 72.0
76 4.697 0.011 0.009 99.6 99.7 99.6 99.6 99.8 99.7 99.7 99.9 90.9 90.6 90.7 92.1 91.8 92.0 97.2 92.6 91.7 72.7
80 4.634 0.009 0.009 99.6 99.7 99.7 99.7 99.8 99.7 99.7 99.9 90.8 90.6 90.7 92.0 91.8 91.9 97.2 92.6 91.6 73.2
84 4.937 0.009 0.008 99.7 99.8 99.7 99.7 99.8 99.8 99.8 99.9 90.8 90.5 90.7 92.0 91.8 91.9 97.2 92.6 91.6 73.2
88 4.666 0.008 0.007 99.7 99.8 99.7 99.7 99.9 99.8 99.8 99.9 90.8 90.5 90.6 92.0 91.7 91.9 97.1 92.5 91.6 73.2
92 4.654 0.007 0.007 99.7 99.8 99.7 99.7 99.9 99.8 99.8 100.0 90.7 90.5 90.6 92.0 91.8 91.9 97.2 92.5 91.6 73.2
96 4.561 0.006 0.006 99.7 99.8 99.8 99.8 99.9 99.8 99.8 100.0 90.7 90.5 90.6 92.0 91.8 91.9 97.1 92.5 91.6 73.8
100 5.068 0.006 0.006 99.7 99.8 99.8 99.8 99.9 99.8 99.8 100.0 90.7 90.5 90.6 91.9 91.8 91.9 97.1 92.5 91.6 73.6
