Epoch pl   tl     tp   tr   tf   tup  tur  tuf  tt    dp   dr   df   dup  dur  duf  dt   discoF disco2F
4 12.399 0.082 91.8 92.1 91.9 92.8 93.0 92.9 97.7 89.0 89.1 89.1 90.2 90.3 90.3 97.1 89.9 65.3
8 11.220 0.069 92.5 92.5 92.5 93.4 93.4 93.4 98.1 89.7 89.7 89.7 90.9 90.9 90.9 97.2 90.6 67.9
12 10.830 0.064 93.0 93.1 93.1 93.8 93.8 93.8 98.3 90.0 90.0 90.0 91.1 91.2 91.2 97.2 90.8 68.3
16 10.196 0.060 93.7 93.7 93.7 94.3 94.4 94.4 98.4 90.1 90.3 90.2 91.2 91.5 91.3 97.3 91.0 68.5
20 9.760 0.057 94.2 94.1 94.1 94.8 94.7 94.7 98.5 90.2 90.3 90.2 91.3 91.4 91.4 97.3 91.1 68.1
24 9.394 0.055 94.4 94.4 94.4 95.0 95.0 95.0 98.6 90.2 90.4 90.3 91.4 91.6 91.5 97.3 91.2 68.4
28 9.050 0.053 94.7 94.8 94.7 95.3 95.4 95.4 98.6 90.3 90.4 90.4 91.4 91.6 91.5 97.3 91.3 68.4
32 8.823 0.052 95.0 95.1 95.1 95.6 95.7 95.7 98.7 90.4 90.4 90.4 91.5 91.6 91.6 97.3 91.3 68.7
36 8.581 0.050 95.4 95.4 95.4 95.9 95.9 95.9 98.7 90.6 90.6 90.6 91.7 91.7 91.7 97.3 91.5 69.7
40 8.184 0.049 95.7 95.8 95.7 96.2 96.3 96.3 98.7 90.6 90.6 90.6 91.7 91.7 91.7 97.3 91.5 69.3
44 7.550 0.048 95.9 96.1 96.0 96.4 96.6 96.5 98.7 90.6 90.6 90.6 91.7 91.7 91.7 97.3 91.5 69.9
48 7.602 0.046 96.0 96.2 96.1 96.5 96.7 96.6 98.7 90.6 90.7 90.6 91.7 91.8 91.7 97.3 91.5 70.2
52 7.821 0.045 96.2 96.3 96.3 96.7 96.8 96.7 98.8 90.6 90.7 90.6 91.7 91.8 91.8 97.3 91.5 70.3
56 7.681 0.045 96.4 96.5 96.5 96.9 96.9 96.9 98.8 90.6 90.7 90.7 91.8 91.8 91.8 97.3 91.5 70.2
60 7.326 0.043 96.5 96.7 96.6 96.9 97.1 97.0 98.8 90.6 90.6 90.6 91.7 91.7 91.7 97.3 91.5 69.5
64 7.002 0.042 96.6 96.8 96.7 97.1 97.3 97.2 98.8 90.6 90.6 90.6 91.7 91.7 91.7 97.3 91.5 70.0
68 7.023 0.041 96.7 97.0 96.9 97.2 97.4 97.3 98.8 90.6 90.6 90.6 91.7 91.7 91.7 97.3 91.5 69.6
72 6.950 0.040 96.8 97.1 97.0 97.3 97.6 97.4 98.9 90.6 90.6 90.6 91.7 91.8 91.7 97.3 91.5 69.7
76 6.853 0.039 96.9 97.2 97.1 97.3 97.7 97.5 98.9 90.6 90.6 90.6 91.7 91.7 91.7 97.3 91.5 69.9
80 6.664 0.038 97.1 97.3 97.2 97.5 97.7 97.6 98.9 90.6 90.6 90.6 91.7 91.8 91.7 97.3 91.5 70.8
84 6.955 0.037 97.1 97.4 97.2 97.6 97.8 97.7 98.9 90.6 90.6 90.6 91.7 91.7 91.7 97.3 91.5 70.5
88 6.806 0.035 97.1 97.4 97.2 97.6 97.8 97.7 98.9 90.5 90.5 90.5 91.7 91.7 91.7 97.3 91.4 70.2
92 6.420 0.035 97.3 97.5 97.4 97.7 97.9 97.8 98.9 90.5 90.5 90.5 91.6 91.6 91.6 97.3 91.4 70.4
96 6.327 0.034 97.4 97.5 97.5 97.8 97.9 97.9 98.9 90.4 90.5 90.4 91.6 91.6 91.6 97.3 91.3 70.4
100 6.495 0.033 97.4 97.5 97.5 97.8 97.9 97.8 99.0 90.4 90.5 90.4 91.5 91.6 91.6 97.3 91.3 70.7
