Epoch pl   tl     tp   tr   tf   tup  tur  tuf  tt    dp   dr   df   dup  dur  duf  dt   discoF disco2F
4 12.729 0.082 90.1 90.4 90.3 91.3 91.5 91.4 97.7 88.3 88.5 88.4 89.7 89.9 89.8 97.1 89.2 64.9
8 10.692 0.067 92.6 92.3 92.5 93.4 93.0 93.2 98.2 89.7 89.6 89.7 90.9 90.8 90.9 97.2 90.5 68.0
12 10.088 0.060 93.7 93.4 93.5 94.3 94.0 94.1 98.4 89.9 89.8 89.8 91.1 90.9 91.0 97.2 90.7 66.8
16 9.066 0.055 94.4 94.3 94.3 95.0 94.8 94.9 98.6 90.2 90.0 90.1 91.4 91.2 91.3 97.2 90.9 69.9
20 8.284 0.051 94.8 94.6 94.7 95.4 95.2 95.3 98.6 90.3 90.1 90.2 91.5 91.3 91.4 97.3 91.0 70.1
24 7.860 0.048 95.4 95.3 95.4 95.9 95.8 95.9 98.7 90.6 90.3 90.4 91.8 91.5 91.6 97.2 91.3 70.9
28 7.195 0.046 96.1 95.9 96.0 96.6 96.4 96.5 98.8 90.7 90.4 90.6 91.9 91.6 91.7 97.2 91.4 70.2
32 7.179 0.044 96.5 96.4 96.4 96.9 96.8 96.9 98.9 90.8 90.4 90.6 92.0 91.6 91.8 97.3 91.4 72.3
36 7.287 0.042 96.9 96.8 96.8 97.3 97.2 97.3 98.9 90.8 90.5 90.6 92.0 91.7 91.8 97.2 91.4 72.4
40 6.756 0.040 97.3 97.2 97.3 97.7 97.6 97.6 98.9 90.8 90.5 90.6 92.0 91.7 91.9 97.3 91.4 73.8
44 6.577 0.038 97.7 97.6 97.6 98.0 97.9 98.0 98.9 90.9 90.5 90.7 92.1 91.7 91.9 97.2 91.5 73.7
48 6.168 0.036 98.1 98.0 98.1 98.4 98.3 98.4 99.0 91.0 90.5 90.7 92.2 91.7 91.9 97.2 91.6 74.1
52 5.946 0.034 98.3 98.2 98.2 98.6 98.4 98.5 99.0 90.9 90.5 90.7 92.1 91.7 91.9 97.2 91.6 73.7
56 6.264 0.033 98.5 98.4 98.5 98.7 98.7 98.7 99.0 90.9 90.5 90.7 92.1 91.7 91.9 97.3 91.6 73.3
60 5.831 0.030 98.6 98.6 98.6 98.8 98.8 98.8 99.1 90.9 90.6 90.7 92.1 91.8 91.9 97.3 91.7 73.0
64 5.883 0.029 98.7 98.7 98.7 99.0 98.9 98.9 99.1 90.8 90.5 90.7 92.1 91.7 91.9 97.2 91.6 72.5
68 5.400 0.027 98.8 98.9 98.8 99.0 99.1 99.0 99.2 90.9 90.6 90.7 92.1 91.8 92.0 97.2 91.7 72.8
72 5.533 0.025 98.9 99.0 98.9 99.1 99.2 99.2 99.2 90.8 90.6 90.7 92.0 91.8 91.9 97.2 91.7 73.2
76 5.530 0.024 99.0 99.1 99.0 99.2 99.3 99.2 99.2 90.8 90.6 90.7 92.0 91.8 91.9 97.2 91.7 73.2
80 5.715 0.023 99.1 99.1 99.1 99.3 99.3 99.3 99.3 90.8 90.5 90.6 92.0 91.7 91.8 97.2 91.6 73.6
84 5.190 0.021 99.1 99.1 99.1 99.3 99.3 99.3 99.3 90.8 90.6 90.7 92.0 91.8 91.9 97.2 91.6 73.9
88 5.023 0.019 99.3 99.2 99.2 99.4 99.4 99.4 99.3 90.8 90.6 90.7 92.1 91.8 91.9 97.2 91.7 73.8
92 5.198 0.019 99.3 99.3 99.3 99.5 99.4 99.5 99.3 90.8 90.5 90.7 92.0 91.7 91.9 97.2 91.6 73.5
96 5.342 0.017 99.4 99.3 99.3 99.5 99.5 99.5 99.4 90.8 90.5 90.7 92.0 91.7 91.9 97.2 91.6 73.5
100 5.370 0.016 99.4 99.3 99.4 99.6 99.5 99.5 99.4 90.8 90.5 90.6 92.0 91.7 91.9 97.2 91.6 73.4
