Epoch pl   tl     tp   tr   tf   tup  tur  tuf  tt    dp   dr   df   dup  dur  duf  dt   discoF disco2F
4 12.255 0.083 91.1 91.5 91.3 92.1 92.5 92.3 97.6 88.2 88.4 88.3 89.7 89.9 89.8 96.8 89.1 66.8
8 11.220 0.070 92.4 92.7 92.6 93.3 93.5 93.4 98.0 89.3 89.3 89.3 90.6 90.6 90.6 97.1 90.1 67.7
12 10.302 0.064 93.2 93.2 93.2 93.9 94.0 93.9 98.3 89.5 89.6 89.5 90.8 90.8 90.8 97.1 90.4 69.4
16 9.424 0.060 94.2 93.8 94.0 94.9 94.5 94.7 98.5 89.9 89.9 89.9 91.1 91.1 91.1 97.2 90.8 70.3
20 9.302 0.058 94.5 94.3 94.4 95.2 94.9 95.0 98.5 90.0 90.0 90.0 91.2 91.2 91.2 97.2 90.9 69.2
24 8.984 0.055 94.8 94.6 94.7 95.4 95.1 95.3 98.6 90.0 90.1 90.1 91.2 91.3 91.2 97.2 90.9 71.3
28 9.070 0.054 94.9 94.8 94.9 95.5 95.3 95.4 98.6 90.1 90.1 90.1 91.3 91.3 91.3 97.2 91.0 69.7
32 8.257 0.052 95.2 95.1 95.2 95.7 95.6 95.6 98.6 90.3 90.1 90.2 91.4 91.3 91.4 97.2 91.0 69.0
36 8.190 0.050 95.4 95.2 95.3 95.8 95.7 95.7 98.7 90.2 90.0 90.1 91.4 91.2 91.3 97.2 90.9 69.0
40 8.258 0.049 95.7 95.6 95.6 96.1 96.0 96.1 98.7 90.2 90.0 90.1 91.4 91.2 91.3 97.2 90.9 69.3
44 7.442 0.047 95.9 95.8 95.8 96.3 96.2 96.3 98.7 90.2 90.2 90.2 91.4 91.4 91.4 97.2 91.0 69.6
48 6.862 0.046 96.0 95.9 96.0 96.4 96.3 96.4 98.8 90.2 90.2 90.2 91.5 91.4 91.4 97.2 91.1 69.5
52 7.385 0.046 96.2 96.2 96.2 96.6 96.6 96.6 98.8 90.2 90.1 90.2 91.4 91.4 91.4 97.2 91.0 69.1
56 7.174 0.044 96.3 96.3 96.3 96.7 96.7 96.7 98.8 90.2 90.2 90.2 91.4 91.4 91.4 97.2 91.0 70.5
60 7.371 0.043 96.3 96.4 96.3 96.7 96.7 96.7 98.9 90.2 90.2 90.2 91.4 91.5 91.4 97.2 91.0 70.2
64 6.781 0.042 96.4 96.6 96.5 96.8 97.0 96.9 98.9 90.2 90.3 90.2 91.4 91.5 91.4 97.2 91.0 70.1
68 6.816 0.041 96.4 96.7 96.5 96.8 97.0 96.9 98.9 90.2 90.3 90.3 91.4 91.5 91.5 97.2 91.1 70.2
72 6.593 0.039 96.5 96.7 96.6 96.9 97.1 97.0 98.9 90.2 90.3 90.3 91.5 91.6 91.5 97.2 91.1 70.5
76 6.994 0.038 96.7 96.8 96.8 97.0 97.2 97.1 98.9 90.2 90.3 90.2 91.4 91.5 91.5 97.2 91.1 70.2
80 6.781 0.037 96.8 97.0 96.9 97.1 97.3 97.2 98.9 90.2 90.3 90.2 91.4 91.5 91.5 97.2 91.1 69.9
84 6.698 0.036 96.9 97.1 97.0 97.1 97.4 97.3 98.9 90.2 90.3 90.2 91.4 91.5 91.5 97.2 91.1 70.1
88 6.709 0.035 97.0 97.3 97.1 97.3 97.5 97.4 98.9 90.2 90.4 90.3 91.4 91.6 91.5 97.2 91.1 70.7
92 6.165 0.034 97.1 97.4 97.2 97.4 97.6 97.5 99.0 90.2 90.4 90.3 91.4 91.6 91.5 97.3 91.2 70.8
96 5.859 0.033 97.3 97.4 97.4 97.5 97.7 97.6 99.0 90.2 90.3 90.3 91.4 91.6 91.5 97.2 91.1 70.8
100 6.381 0.033 97.4 97.5 97.5 97.6 97.8 97.7 99.0 90.1 90.3 90.2 91.4 91.5 91.5 97.3 91.1 71.0
