Epoch pl   tl  sul   tp   tr   tf   tup  tur  tuf  tt  tsu  dp   dr   df   dup  dur  duf  dt  dsu discoF disco2F
4 12.687 0.084 0.301 89.9 90.6 90.2 90.8 91.5 91.2 97.5 92.0 87.9 88.5 88.2 89.3 89.9 89.6 97.1 90.3 89.0 62.7
8 10.937 0.070 0.215 92.3 92.7 92.5 93.1 93.4 93.3 98.0 94.3 89.4 89.5 89.4 90.6 90.7 90.7 97.2 91.6 90.2 67.3
12 9.435 0.063 0.165 93.5 93.8 93.6 94.1 94.4 94.3 98.2 95.3 89.8 89.9 89.9 91.0 91.1 91.1 97.2 92.0 90.7 68.8
16 9.069 0.058 0.130 94.2 94.7 94.5 94.8 95.3 95.0 98.3 96.1 90.1 90.1 90.1 91.3 91.3 91.3 97.2 92.2 91.0 68.0
20 8.073 0.054 0.105 94.9 95.3 95.1 95.5 95.9 95.7 98.4 96.7 90.2 90.2 90.2 91.3 91.3 91.3 97.2 92.4 91.0 67.6
24 7.592 0.051 0.087 95.6 95.8 95.7 96.2 96.3 96.2 98.5 97.3 90.3 90.2 90.3 91.5 91.4 91.5 97.2 92.5 91.1 67.8
28 7.125 0.049 0.074 96.1 96.2 96.2 96.7 96.8 96.7 98.6 97.7 90.5 90.4 90.5 91.6 91.6 91.6 97.2 92.5 91.2 67.4
32 6.971 0.046 0.064 96.6 96.8 96.7 97.1 97.3 97.2 98.7 98.0 90.5 90.5 90.5 91.6 91.7 91.7 97.2 92.6 91.3 69.5
36 7.116 0.044 0.055 97.0 97.1 97.1 97.5 97.6 97.5 98.8 98.3 90.4 90.4 90.4 91.5 91.6 91.6 97.2 92.6 91.2 69.2
40 6.824 0.042 0.049 97.5 97.5 97.5 97.9 97.9 97.9 98.8 98.5 90.4 90.4 90.4 91.6 91.6 91.6 97.2 92.6 91.3 69.4
44 6.124 0.039 0.044 97.7 97.7 97.7 98.1 98.1 98.1 98.9 98.7 90.4 90.4 90.4 91.6 91.6 91.6 97.2 92.6 91.3 70.7
48 6.019 0.038 0.039 97.9 98.0 98.0 98.3 98.3 98.3 98.9 98.9 90.4 90.4 90.4 91.6 91.5 91.6 97.2 92.6 91.2 70.4
52 6.024 0.036 0.036 98.2 98.2 98.2 98.6 98.6 98.6 98.9 99.1 90.4 90.4 90.4 91.6 91.6 91.6 97.2 92.6 91.3 70.3
56 6.259 0.035 0.032 98.6 98.5 98.6 98.9 98.8 98.8 99.0 99.3 90.4 90.3 90.4 91.6 91.5 91.5 97.2 92.6 91.2 69.8
60 5.722 0.033 0.029 98.7 98.7 98.7 99.0 99.0 99.0 99.1 99.4 90.5 90.3 90.4 91.7 91.5 91.6 97.2 92.5 91.2 70.4
64 5.759 0.031 0.027 98.8 98.8 98.8 99.1 99.0 99.1 99.1 99.4 90.6 90.4 90.5 91.8 91.6 91.7 97.2 92.5 91.3 70.9
68 5.816 0.030 0.025 98.9 98.9 98.9 99.1 99.1 99.1 99.1 99.5 90.6 90.3 90.5 91.8 91.5 91.6 97.2 92.6 91.3 71.3
72 5.815 0.028 0.022 99.0 99.0 99.0 99.2 99.1 99.2 99.2 99.6 90.6 90.3 90.4 91.8 91.5 91.6 97.2 92.6 91.3 70.0
76 5.447 0.027 0.021 99.1 99.0 99.1 99.3 99.2 99.3 99.2 99.6 90.6 90.2 90.4 91.8 91.4 91.6 97.2 92.5 91.2 70.1
80 5.574 0.026 0.019 99.2 99.2 99.2 99.3 99.3 99.3 99.2 99.7 90.6 90.2 90.4 91.8 91.4 91.6 97.2 92.5 91.3 70.0
84 5.882 0.025 0.018 99.2 99.1 99.2 99.4 99.3 99.3 99.2 99.7 90.6 90.2 90.4 91.8 91.4 91.6 97.2 92.5 91.3 70.4
88 5.322 0.024 0.017 99.4 99.3 99.3 99.5 99.4 99.5 99.3 99.7 90.6 90.3 90.4 91.8 91.5 91.7 97.2 92.6 91.3 70.4
92 5.270 0.023 0.016 99.4 99.3 99.4 99.5 99.4 99.5 99.3 99.8 90.6 90.2 90.4 91.8 91.4 91.6 97.2 92.5 91.2 70.2
96 5.210 0.022 0.015 99.4 99.3 99.4 99.5 99.5 99.5 99.3 99.8 90.5 90.3 90.4 91.8 91.5 91.6 97.2 92.5 91.2 70.3
100 5.274 0.021 0.014 99.4 99.4 99.4 99.5 99.5 99.5 99.4 99.8 90.5 90.2 90.4 91.7 91.5 91.6 97.2 92.5 91.2 69.6
