Epoch pl   tl  chl   tp   tr   tf   tup  tur  tuf  tt  tch  dp   dr   df   dup  dur  duf  dt  dch discoF disco2F
4 12.826 0.082 0.097 89.2 89.6 89.4 90.5 90.9 90.7 97.8 97.4 88.5 88.5 88.5 89.8 89.9 89.8 97.0 97.8 89.3 63.6
8 10.418 0.068 0.061 91.9 92.2 92.1 92.8 93.1 93.0 98.1 98.5 89.7 89.5 89.6 90.9 90.7 90.8 97.2 98.6 90.5 68.6
12 9.182 0.060 0.046 93.4 93.2 93.3 94.1 93.9 94.0 98.2 99.0 90.2 89.9 90.0 91.4 91.1 91.2 97.2 98.8 90.9 69.7
16 8.316 0.055 0.033 94.2 94.3 94.2 94.8 94.9 94.9 98.3 99.4 90.5 90.2 90.3 91.6 91.4 91.5 97.2 99.0 91.2 70.8
20 7.930 0.051 0.029 94.8 94.9 94.8 95.3 95.4 95.4 98.4 99.6 90.7 90.4 90.5 91.9 91.5 91.7 97.3 99.0 91.4 72.1
24 7.292 0.049 0.026 95.3 95.6 95.5 95.9 96.1 96.0 98.5 99.7 90.8 90.5 90.7 92.0 91.7 91.8 97.3 99.1 91.5 70.9
28 7.521 0.046 0.023 96.0 96.2 96.1 96.5 96.7 96.6 98.5 99.7 91.0 90.6 90.8 92.1 91.8 91.9 97.2 99.1 91.6 73.0
32 7.224 0.044 0.022 96.3 96.5 96.4 96.8 97.0 96.9 98.5 99.8 91.0 90.7 90.8 92.1 91.8 92.0 97.2 99.1 91.6 73.5
36 6.202 0.042 0.020 96.7 96.9 96.8 97.2 97.4 97.3 98.6 99.8 90.9 90.7 90.8 92.1 91.9 92.0 97.2 99.2 91.6 72.7
40 7.112 0.040 0.018 97.2 97.3 97.2 97.6 97.7 97.6 98.7 99.8 90.9 90.7 90.8 92.1 91.9 92.0 97.2 99.2 91.7 72.0
44 6.318 0.037 0.016 97.3 97.5 97.4 97.7 97.9 97.8 98.7 99.9 90.9 90.7 90.8 92.1 91.9 92.0 97.3 99.2 91.7 73.5
48 6.330 0.036 0.015 97.6 97.9 97.7 97.9 98.2 98.1 98.8 99.9 91.0 90.8 90.9 92.2 92.0 92.1 97.2 99.2 91.7 72.9
52 6.271 0.034 0.014 97.8 98.1 98.0 98.2 98.4 98.3 98.8 99.9 91.0 90.8 90.9 92.2 92.0 92.1 97.2 99.3 91.7 73.1
56 5.853 0.032 0.013 98.0 98.2 98.1 98.3 98.5 98.4 98.9 99.9 91.0 90.8 90.9 92.3 92.0 92.1 97.2 99.3 91.8 73.3
60 5.903 0.031 0.012 98.1 98.3 98.2 98.4 98.6 98.5 99.0 100.0 91.0 90.8 90.9 92.2 92.0 92.1 97.2 99.3 91.8 73.4
64 5.681 0.029 0.011 98.4 98.4 98.4 98.7 98.8 98.7 99.0 100.0 91.0 90.8 90.9 92.2 92.0 92.1 97.2 99.3 91.8 73.4
68 5.907 0.027 0.010 98.5 98.5 98.5 98.8 98.8 98.8 99.0 100.0 91.0 90.8 90.9 92.2 92.0 92.1 97.2 99.3 91.8 74.0
72 5.800 0.025 0.010 98.6 98.5 98.6 98.9 98.8 98.9 99.1 100.0 91.1 90.8 91.0 92.3 92.0 92.1 97.2 99.3 91.8 73.5
76 5.337 0.024 0.009 98.7 98.6 98.7 99.0 98.9 99.0 99.1 100.0 91.0 90.8 90.9 92.2 92.0 92.1 97.2 99.3 91.8 72.3
80 5.438 0.022 0.008 98.8 98.8 98.8 99.1 99.0 99.1 99.2 100.0 90.9 90.7 90.8 92.1 91.9 92.0 97.2 99.3 91.7 71.1
84 4.952 0.020 0.008 98.9 98.8 98.8 99.1 99.1 99.1 99.2 100.0 90.9 90.7 90.8 92.1 91.9 92.0 97.2 99.3 91.7 71.3
88 5.647 0.020 0.007 98.9 98.9 98.9 99.2 99.2 99.2 99.2 100.0 91.0 90.7 90.8 92.1 91.9 92.0 97.2 99.3 91.7 71.5
92 5.339 0.018 0.006 98.9 98.9 98.9 99.2 99.2 99.2 99.3 100.0 91.0 90.7 90.8 92.2 91.9 92.0 97.2 99.3 91.7 71.5
96 5.180 0.017 0.006 99.0 99.0 99.0 99.3 99.3 99.3 99.3 100.0 90.9 90.6 90.8 92.2 91.8 92.0 97.2 99.3 91.7 71.5
100 5.367 0.016 0.006 99.1 99.1 99.1 99.3 99.3 99.3 99.3 100.0 91.0 90.6 90.8 92.2 91.8 92.0 97.2 99.3 91.7 71.6
