Epoch pl   tl     tp   tr   tf   tup  tur  tuf  tt    dp   dr   df   dup  dur  duf  dt   discoF disco2F
4 12.730 0.083 89.7 90.4 90.1 90.7 91.4 91.0 97.6 87.7 88.1 87.9 89.0 89.5 89.3 97.1 88.6 61.6
8 11.376 0.069 91.9 91.9 91.9 92.8 92.7 92.8 98.1 89.3 89.2 89.3 90.5 90.4 90.5 97.3 90.1 66.3
12 10.736 0.063 93.2 93.1 93.1 93.8 93.8 93.8 98.4 89.9 89.7 89.8 91.1 90.9 91.0 97.3 90.7 66.6
16 9.865 0.059 93.9 93.7 93.8 94.5 94.3 94.4 98.5 90.2 89.9 90.1 91.4 91.1 91.2 97.3 90.9 66.5
20 9.558 0.056 94.6 94.3 94.5 95.2 94.9 95.0 98.6 90.2 89.9 90.1 91.4 91.1 91.2 97.3 91.0 65.2
24 8.862 0.055 95.1 94.9 95.0 95.7 95.4 95.6 98.7 90.4 90.1 90.3 91.6 91.3 91.5 97.3 91.2 66.5
28 8.927 0.053 95.3 95.2 95.2 95.8 95.8 95.8 98.8 90.5 90.2 90.3 91.7 91.4 91.5 97.3 91.2 66.8
32 8.509 0.052 95.6 95.6 95.6 96.1 96.1 96.1 98.8 90.5 90.2 90.3 91.7 91.3 91.5 97.3 91.2 67.4
36 8.472 0.051 95.8 95.7 95.8 96.3 96.2 96.3 98.9 90.6 90.2 90.4 91.8 91.4 91.6 97.3 91.3 67.8
40 8.656 0.049 96.0 95.9 95.9 96.4 96.3 96.4 98.9 90.6 90.3 90.5 91.8 91.4 91.6 97.3 91.4 68.4
44 7.693 0.049 96.3 96.2 96.2 96.7 96.6 96.7 98.9 90.6 90.3 90.4 91.8 91.4 91.6 97.3 91.3 68.3
48 8.310 0.048 96.4 96.4 96.4 96.9 96.8 96.8 98.9 90.7 90.3 90.5 91.9 91.4 91.6 97.3 91.4 69.4
52 7.863 0.047 96.6 96.5 96.5 97.0 96.9 97.0 99.0 90.7 90.2 90.4 91.8 91.4 91.6 97.3 91.3 69.7
56 7.825 0.047 96.8 96.8 96.8 97.2 97.2 97.2 99.0 90.7 90.3 90.5 91.9 91.4 91.6 97.3 91.4 70.4
60 7.676 0.045 97.0 96.9 97.0 97.5 97.3 97.4 99.0 90.7 90.4 90.5 91.9 91.5 91.7 97.3 91.4 72.0
64 7.378 0.044 97.1 97.0 97.0 97.5 97.4 97.5 99.0 90.7 90.3 90.5 91.9 91.4 91.7 97.3 91.4 71.8
68 7.389 0.044 97.2 97.1 97.2 97.6 97.5 97.6 99.0 90.7 90.3 90.5 91.9 91.5 91.7 97.3 91.4 71.6
72 7.623 0.043 97.3 97.2 97.2 97.7 97.6 97.7 99.1 90.7 90.3 90.5 91.9 91.4 91.7 97.3 91.4 72.0
76 7.271 0.042 97.4 97.3 97.3 97.9 97.7 97.8 99.1 90.8 90.3 90.6 91.9 91.5 91.7 97.3 91.4 72.2
80 7.272 0.041 97.6 97.4 97.5 98.0 97.8 97.9 99.1 90.7 90.3 90.5 91.9 91.5 91.7 97.3 91.4 72.2
84 7.341 0.040 97.6 97.4 97.5 98.1 97.8 97.9 99.1 90.6 90.3 90.4 91.8 91.4 91.6 97.3 91.3 71.0
88 6.994 0.039 97.7 97.5 97.6 98.1 97.9 98.0 99.1 90.6 90.3 90.4 91.7 91.4 91.6 97.3 91.3 69.8
92 7.485 0.037 97.7 97.4 97.6 98.1 97.8 98.0 99.1 90.5 90.2 90.4 91.7 91.4 91.5 97.3 91.3 70.2
96 6.782 0.037 97.8 97.5 97.6 98.2 97.9 98.0 99.1 90.5 90.2 90.3 91.6 91.3 91.5 97.3 91.2 68.7
100 6.902 0.035 97.9 97.6 97.8 98.3 98.0 98.1 99.2 90.5 90.1 90.3 91.7 91.3 91.5 97.3 91.2 69.3
