Epoch pl   tl  sul   lel   ril   tp   tr   tf   tup  tur  tuf  tt  tsu  tle  tri  dp   dr   df   dup  dur  duf  dt  dsu  dle  dri discoF disco2F
4 11.260 0.087 0.236 0.128 0.217 91.5 92.2 91.9 92.5 93.2 92.8 97.6 94.3 96.6 94.0 88.8 89.3 89.1 90.2 90.7 90.4 97.0 91.7 95.0 91.8 89.9 65.1
8 9.670 0.077 0.156 0.077 0.128 94.2 94.5 94.4 94.9 95.1 95.0 98.1 96.2 97.7 96.1 90.0 90.0 90.0 91.2 91.3 91.2 97.1 92.3 95.5 92.4 90.8 70.0
12 8.182 0.071 0.122 0.055 0.093 95.9 96.0 95.9 96.5 96.5 96.5 98.3 97.3 98.3 97.3 90.5 90.4 90.5 91.7 91.5 91.6 97.2 92.5 95.6 92.6 91.2 71.4
16 7.265 0.067 0.104 0.044 0.072 96.8 96.8 96.8 97.3 97.3 97.3 98.5 97.8 98.9 98.1 90.6 90.5 90.6 91.8 91.7 91.8 97.2 92.5 95.7 92.7 91.4 71.5
20 6.947 0.064 0.090 0.036 0.059 97.4 97.1 97.3 97.7 97.5 97.6 98.5 98.2 99.2 98.6 90.7 90.5 90.6 91.9 91.7 91.8 97.2 92.6 95.6 92.7 91.4 71.2
24 6.765 0.061 0.079 0.030 0.049 98.0 97.7 97.8 98.3 98.0 98.2 98.6 98.5 99.2 98.9 90.7 90.5 90.6 91.8 91.6 91.7 97.2 92.6 95.6 92.7 91.4 72.4
28 6.066 0.058 0.068 0.025 0.040 98.2 97.9 98.1 98.5 98.2 98.4 98.6 98.7 99.4 99.1 90.7 90.5 90.6 91.9 91.7 91.8 97.2 92.6 95.7 92.8 91.4 72.9
32 6.001 0.055 0.058 0.020 0.033 98.5 98.2 98.4 98.8 98.4 98.6 98.7 98.8 99.5 99.3 90.7 90.4 90.5 91.9 91.6 91.7 97.2 92.6 95.7 92.8 91.4 72.4
36 5.865 0.051 0.050 0.016 0.027 98.6 98.4 98.5 98.8 98.6 98.7 98.7 98.9 99.6 99.4 90.7 90.4 90.6 91.9 91.6 91.8 97.2 92.6 95.7 92.8 91.4 72.7
40 5.602 0.048 0.043 0.014 0.022 98.8 98.7 98.7 99.0 98.9 98.9 98.8 99.0 99.6 99.6 90.7 90.4 90.6 91.9 91.6 91.8 97.2 92.7 95.6 92.8 91.4 73.0
44 5.625 0.045 0.037 0.011 0.018 99.0 98.9 98.9 99.2 99.1 99.1 98.8 99.2 99.7 99.7 90.7 90.4 90.5 91.9 91.6 91.7 97.2 92.7 95.6 92.7 91.3 73.4
48 5.237 0.042 0.031 0.009 0.015 99.2 99.1 99.1 99.4 99.3 99.3 98.9 99.3 99.7 99.7 90.7 90.4 90.6 91.9 91.6 91.8 97.2 92.7 95.6 92.8 91.4 73.7
52 5.140 0.039 0.026 0.007 0.012 99.3 99.2 99.2 99.4 99.4 99.4 98.9 99.4 99.7 99.8 90.8 90.4 90.6 91.9 91.6 91.8 97.2 92.7 95.6 92.8 91.4 73.2
56 4.959 0.036 0.023 0.006 0.011 99.3 99.3 99.3 99.4 99.4 99.4 98.9 99.5 99.8 99.8 90.7 90.4 90.6 91.9 91.6 91.8 97.2 92.7 95.6 92.7 91.4 73.5
60 5.379 0.033 0.020 0.005 0.009 99.4 99.3 99.3 99.5 99.4 99.5 98.9 99.5 99.8 99.9 90.7 90.4 90.5 91.9 91.6 91.7 97.2 92.6 95.6 92.7 91.4 73.0
64 5.274 0.030 0.018 0.005 0.008 99.4 99.3 99.3 99.5 99.4 99.5 98.9 99.6 99.8 99.9 90.6 90.3 90.5 91.8 91.5 91.7 97.2 92.6 95.6 92.7 91.3 73.1
68 5.055 0.028 0.015 0.004 0.007 99.4 99.3 99.4 99.5 99.5 99.5 99.0 99.6 99.9 99.9 90.6 90.3 90.5 91.8 91.5 91.7 97.2 92.6 95.6 92.7 91.3 73.1
72 5.055 0.025 0.014 0.003 0.006 99.4 99.4 99.4 99.6 99.5 99.5 99.0 99.7 99.9 99.9 90.6 90.3 90.4 91.8 91.5 91.6 97.2 92.6 95.6 92.7 91.3 73.0
76 5.334 0.023 0.012 0.003 0.005 99.6 99.5 99.5 99.7 99.6 99.6 99.1 99.7 99.9 99.9 90.6 90.3 90.4 91.8 91.5 91.6 97.2 92.6 95.6 92.7 91.3 72.8
80 4.698 0.021 0.012 0.003 0.005 99.6 99.5 99.5 99.7 99.6 99.6 99.1 99.8 99.9 99.9 90.5 90.3 90.4 91.7 91.5 91.6 97.2 92.6 95.6 92.7 91.3 72.7
84 4.915 0.019 0.010 0.003 0.004 99.6 99.5 99.5 99.7 99.6 99.7 99.2 99.8 99.9 99.9 90.5 90.3 90.4 91.7 91.5 91.6 97.2 92.6 95.6 92.7 91.2 73.2
88 4.843 0.017 0.009 0.002 0.004 99.6 99.5 99.5 99.7 99.6 99.7 99.2 99.8 99.9 99.9 90.5 90.4 90.4 91.7 91.6 91.6 97.2 92.6 95.6 92.7 91.3 72.9
92 4.883 0.016 0.009 0.002 0.004 99.6 99.5 99.6 99.7 99.7 99.7 99.2 99.8 99.9 99.9 90.5 90.4 90.4 91.7 91.6 91.6 97.2 92.6 95.6 92.7 91.3 73.0
96 4.855 0.015 0.008 0.002 0.003 99.6 99.5 99.6 99.8 99.7 99.7 99.3 99.9 99.9 100.0 90.6 90.4 90.5 91.8 91.6 91.7 97.2 92.6 95.6 92.7 91.3 72.5
100 4.786 0.014 0.007 0.002 0.003 99.6 99.6 99.6 99.8 99.7 99.7 99.3 99.9 100.0 100.0 90.6 90.4 90.5 91.7 91.6 91.7 97.2 92.5 95.7 92.7 91.3 72.5
